1 1,0.3,1.0,0.5 
2 1,0.2,1.0,0.5 
3 1,0.5,1.0,1.0 
4 1,0.2,1.0,1.0 2,0.5,0.6,0.5 
5 1,0.3,1.0,1.0 
6 1,0.6,0.7,2.0 2,0.3,1.0,2.0 3,0.6,0.6,0.5 
7 1,0.5,0.6,2.0 2,0.5,1.0,2.0 
8 1,0.2,1.0,0.5 2,0.3,0.6,0.5 
9 1,0.5,0.8,0.5 2,0.4,1.0,0.5 3,0.4,0.9,0.5 
10 1,0.5,0.8,2.0 2,0.5,0.6,1.0 3,0.2,1.0,0.5 
11 1,0.3,1.0,1.0 2,0.5,0.9,2.0 
12 1,0.5,0.7,0.5 2,0.3,1.0,0.5 
13 1,0.2,0.6,2.0 2,0.4,0.6,0.5 3,0.2,1.0,1.0 
14 1,0.6,1.0,0.5 
15 1,0.4,1.0,0.5 2,0.4,0.6,0.5 
16 1,0.5,0.6,1.0 2,0.3,0.8,2.0 3,0.2,1.0,1.0 
17 1,0.5,1.0,0.5 
18 1,0.6,1.0,2.0 
19 1,0.4,1.0,1.0 2,0.6,0.8,2.0 
20 1,0.5,1.0,1.0 
21 1,0.3,1.0,0.5 2,0.5,0.8,2.0 
22 1,0.5,1.0,2.0 
23 1,0.4,1.0,0.5 
24 1,0.3,1.0,0.5 2,0.6,0.8,1.0 3,0.4,0.6,1.0 
25 1,0.1,1.0,0.5 
26 1,0.1,1.0,2.0 2,0.3,0.8,0.5 
27 1,0.6,0.6,0.5 2,0.3,1.0,1.0 3,0.4,0.9,1.0 
28 1,0.4,1.0,0.5 
29 1,0.6,0.6,0.5 2,0.1,1.0,0.5 3,0.2,0.6,0.5 
30 1,0.2,1.0,0.5 
31 1,0.6,0.8,1.0 2,0.4,1.0,1.0 3,0.6,0.6,2.0 
32 1,0.4,1.0,0.5 2,0.4,0.7,0.5 3,0.4,0.7,0.5 
33 1,0.2,1.0,2.0 
34 1,0.2,1.0,1.0 2,0.6,0.6,1.0 3,0.3,0.8,2.0 
35 1,0.6,0.7,0.5 2,0.5,1.0,0.5 
36 1,0.6,0.7,0.5 2,0.5,0.6,2.0 3,0.1,1.0,2.0 
37 1,0.6,0.8,2.0 2,0.5,1.0,2.0 
38 1,0.4,1.0,0.5 
39 1,0.5,1.0,0.5 
40 1,0.4,1.0,0.5 2,0.6,0.6,1.0 
41 1,0.3,1.0,2.0 
42 1,0.1,1.0,0.5 2,0.3,0.6,1.0 3,0.4,0.8,0.5 
43 1,0.3,0.6,0.5 2,0.2,1.0,2.0 
44 1,0.1,1.0,2.0 2,0.4,0.7,1.0 
45 1,0.5,0.7,2.0 2,0.3,0.7,0.5 3,0.1,1.0,2.0 
46 1,0.1,1.0,0.5 2,0.3,0.9,0.5 3,0.5,0.8,0.5 
47 1,0.4,1.0,1.0 2,0.6,0.7,0.5 3,0.6,0.6,0.5 
48 1,0.5,1.0,1.0 2,0.6,0.7,2.0 3,0.5,0.6,2.0 
49 1,0.1,1.0,0.5 2,0.2,0.7,0.5 3,0.4,0.7,1.0 
50 1,0.6,0.8,0.5 2,0.2,0.7,2.0 3,0.1,1.0,1.0 
51 1,0.4,1.0,1.0 
52 1,0.6,1.0,0.5 
53 1,0.5,0.6,0.5 2,0.3,1.0,0.5 
54 1,0.5,0.6,2.0 2,0.3,1.0,0.5 3,0.6,0.6,1.0 
55 1,0.5,0.6,0.5 2,0.1,1.0,0.5 3,0.5,0.6,1.0 
56 1,0.2,1.0,0.5 2,0.4,0.6,2.0 3,0.3,0.8,2.0 
57 1,0.4,0.6,0.5 2,0.4,0.9,2.0 3,0.2,1.0,0.5 
58 1,0.4,1.0,0.5 2,0.5,0.6,0.5 
59 1,0.6,0.7,0.5 2,0.2,1.0,0.5 3,0.4,0.7,0.5 
60 1,0.5,1.0,2.0 
61 1,0.5,0.8,1.0 2,0.5,0.6,2.0 3,0.4,1.0,1.0 
62 1,0.4,1.0,2.0 
63 1,0.5,0.6,1.0 2,0.6,0.6,2.0 3,0.1,1.0,2.0 
64 1,0.3,1.0,0.5 
65 1,0.3,1.0,1.0 
66 1,0.4,0.6,2.0 2,0.2,1.0,1.0 3,0.5,0.6,0.5 
67 1,0.4,1.0,2.0 
68 1,0.5,1.0,1.0 
69 1,0.4,0.6,2.0 2,0.5,0.8,0.5 3,0.3,1.0,0.5 
70 1,0.5,1.0,1.0 2,0.6,0.6,1.0 
71 1,0.6,0.9,0.5 2,0.6,0.6,2.0 3,0.3,1.0,2.0 
72 1,0.6,0.7,0.5 2,0.4,1.0,0.5 3,0.4,0.6,0.5 
73 1,0.3,1.0,2.0 
74 1,0.6,1.0,0.5 
75 1,0.2,1.0,1.0 2,0.3,0.6,2.0 
76 1,0.2,1.0,0.5 
77 1,0.3,1.0,0.5 
78 1,0.3,1.0,2.0 
79 1,0.2,1.0,1.0 2,0.5,0.6,2.0 3,0.6,0.7,0.5 
80 1,0.2,1.0,2.0 2,0.4,0.7,0.5 
81 1,0.5,0.8,0.5 2,0.4,1.0,0.5 
82 1,0.3,0.6,0.5 2,0.5,0.7,1.0 3,0.1,1.0,2.0 
83 1,0.5,0.9,0.5 2,0.4,1.0,1.0 
84 1,0.1,0.8,0.5 2,0.1,1.0,1.0 
85 1,0.3,1.0,0.5 
86 1,0.5,0.6,0.5 2,0.4,1.0,2.0 3,0.4,0.6,0.5 
87 1,0.5,0.6,2.0 2,0.3,1.0,2.0 3,0.6,0.7,0.5 
88 1,0.4,1.0,2.0 
89 1,0.4,0.7,2.0 2,0.4,1.0,0.5 
90 1,0.1,1.0,0.5 2,0.1,0.8,1.0 3,0.5,0.7,0.5 
91 1,0.2,1.0,0.5 
92 1,0.5,0.9,1.0 2,0.3,1.0,0.5 
93 1,0.2,1.0,0.5 2,0.5,0.6,1.0 
94 1,0.1,1.0,0.5 2,0.3,0.8,0.5 
95 1,0.1,1.0,0.5 2,0.6,0.6,0.5 
96 1,0.3,1.0,0.5 2,0.6,0.9,0.5 
97 1,0.5,0.7,0.5 2,0.3,1.0,0.5 
98 1,0.2,1.0,0.5 2,0.4,0.7,0.5 3,0.3,0.8,0.5 
99 1,0.2,1.0,1.0 
100 1,0.3,1.0,0.5 
---
1 2
1 3
1 4
1 5
1 6
1 7
1 8
1 9
1 10
2 16
2 17
2 17
3 14
4 12
5 12
5 14
6 13
6 15
7 15
8 11
9 15
10 13
10 16
11 20
12 21
12 21
13 19
13 20
14 23
15 19
16 18
16 20
17 22
17 23
18 32
19 25
19 25
19 28
20 24
20 27
20 29
20 30
20 32
20 33
21 26
21 29
21 31
21 33
22 25
22 30
23 30
23 32
24 38
25 38
26 39
27 34
28 38
28 39
29 37
30 37
31 34
31 35
32 38
32 39
33 34
33 36
33 37
33 37
34 40
35 40
36 40
37 40
38 40
39 40
40 41
40 42
40 43
40 44
40 45
40 46
40 47
40 48
40 49
40 50
41 52
42 54
43 52
44 53
45 51
45 53
46 51
47 54
48 51
49 53
50 54
50 54
51 56
51 58
52 57
52 58
53 55
53 56
53 56
54 55
55 60
55 63
55 64
56 60
56 64
57 59
57 61
57 63
57 64
57 66
57 66
58 59
58 60
58 61
58 62
58 65
58 65
59 70
60 68
60 69
60 69
60 71
61 68
62 67
62 71
62 71
62 72
63 67
64 70
65 71
66 67
67 73
68 75
69 74
69 75
70 74
71 73
71 73
71 75
71 76
72 74
73 78
73 78
73 83
73 84
73 85
73 85
74 79
74 80
74 81
74 81
74 82
74 83
75 77
75 77
75 79
75 79
75 82
75 86
75 86
75 86
76 77
76 78
76 82
76 83
77 87
78 87
79 88
80 88
81 87
82 88
83 87
84 87
85 88
86 88
87 89
87 89
88 89
89 90
89 91
89 92
89 93
89 94
89 95
89 96
89 97
90 98
91 99
92 98
93 98
93 99
94 98
95 99
96 98
97 99
98 100
99 100
---
1 5
---
